-29610206598.0701523
-29609756740.8221245
-1274206471.8858650
-1274204019.3018358
-60118211.0684583
-60115371.3384292
-5826069.8155010
-5808912.6443032
-592312.4968701
-585857.8431871
-204726.6322358
 -86470.7660524
 -55894.4106305
 -52579.3781986
 -48505.1912333
 -41571.5515629
 -40900.1635633
 -35411.1176600
 -32494.0752720
 -31912.3397813
 -29596.2527101
 -29288.8801209
 -28155.5597363
 -26721.7079620
 -26074.6306897
 -23807.5601822
 -23581.6407813
 -22851.6149391
 -22568.1125814
 -22162.5065142
 -21665.9792565
 -21288.5095776
 -20973.6816731
 -20648.8897294
 -20049.4357575
 -19552.4368733
 -19451.5736623
 -18992.6429915
 -18784.3933771
 -18542.4416487
 -18331.8239253
 -17994.4388610
 -17904.7414941
 -17609.7149888
 -17267.3850242
 -17151.4255402
 -16688.6040323
 -16616.8401919
 -16188.4156210
 -15960.2433477
 -15386.1563748
 -15309.6526244
 -15035.1853226
 -14674.0750313
 -14342.3816134
 -14224.5345283
 -13944.3611358
 -13784.3483227
 -13580.9268499
 -13350.6501396
 -12980.8194083
 -12886.2134295
 -12735.0214446
 -12583.9378526
 -12193.4129916
 -11879.9232537
 -11728.0582477
 -11538.2735342
 -11478.5752249
 -11355.0504623
 -11145.4614230
 -10852.0599437
 -10783.3642428
 -10643.7662301
 -10270.8092492
  -9944.9107260
  -9851.6018231
  -9659.7354703
  -9484.4915952
  -9244.7898879
  -9147.8920033
  -8976.3273909
  -8932.5373247
  -8855.0263011
  -8621.6346810
  -8414.3139841
  -8278.5873802
  -8153.8773719
  -7995.4421888
  -7724.7614624
  -7476.2537137
  -7393.3989531
  -7346.1456336
  -7060.6935760
  -6895.8028583
  -6648.6292688
  -6545.6367937
  -6405.0237023
  -6165.9333497
  -6115.3813101
  -5975.2700427
  -5805.9284096
  -5720.8618207
  -5705.8423941
  -5424.1720391
  -5148.5568582
  -5009.9131785
  -4826.1655997
  -4811.6881869
  -4699.6365574
  -4651.8703609
  -4424.6230907
  -4358.0650837
  -4309.1863894
  -4074.4998464
  -3832.9788763
  -3582.6650351
  -3445.6057545
  -3299.9034368
  -3279.6949247
  -3150.4110073
  -2986.9480570
  -2903.7452992
  -2785.3565235
  -2686.5848924
  -2597.3960355
  -2531.0375251
  -2363.6309369
  -2166.6059858
  -2112.9410946
  -2091.0603608
  -1950.6562782
  -1669.5890376
  -1493.3037781
  -1458.9651583
  -1338.9776503
  -1137.1777456
  -1030.3890287
   -983.5749531
   -925.9303157
   -695.6569364
   -634.1315450
   -461.2506033
   -122.8801531
    -15.2228047
     -2.7847796
    106.2992716
    190.6976169
    237.6325204
    398.0132054
    510.1987277
    676.5153146
    715.5327579
    846.3628526
    939.4002335
   1191.1223983
   1324.5140488
   1339.3683895
   1452.3996050
   1481.2296765
   1653.3188481
   1861.0337955
   1962.8816389
   2027.5863712
   2185.0686498
   2301.5702453
   2399.3487818
   2490.6206350
   2715.1961696
   2778.7018417
   2840.5419955
   2905.6876003
   2968.5852691
   3108.9477332
   3191.3715155
   3363.3915116
   3451.9675892
   3492.0503056
   3721.9856643
   3895.7537000
   3988.0745436
   4116.3917003
   4159.5241364
   4322.0296570
   4538.5496185
   4630.4765325
   4748.8710835
   4809.0629939
   4972.9259548
   5133.6247501
   5226.0142827
   5309.3925820
   5346.9005269
   5463.3684408
   5639.8142103
   5769.3346091
   5790.8074333
   5965.7731476
   6190.8765761
   6241.3161210
   6458.9392996
   6541.7303289
   6666.9626389
   6888.5419448
   7088.3720129
   7181.9162380
   7269.5527559
   7497.3762463
   7692.5865374
   7752.1515548
   7944.1956105
   7972.8464536
   8349.9796811
   8417.5851225
   8529.7967122
   8595.4820248
   8626.1850727
   8815.7721274
   9018.8694624
   9078.4081626
   9408.2521384
   9446.4982078
   9678.0940661
   9739.9864318
   9934.7998511
  10064.9547552
  10172.8747298
  10201.4871057
  10396.1142761
  10454.9334929
  10680.9908735
  10708.0514346
  11014.6549280
  11375.0224945
  11495.2270919
  11643.6828177
  11804.1848871
  12071.0216204
  12214.8364285
  12421.2650656
  12574.0427167
  12771.2356248
  12885.2454330
  12986.1563573
  13216.8767009
  13324.9876313
  13561.3283686
  13940.2357946
  14049.1358129
  14258.3637083
  14387.7524946
  14644.9235219
  14975.3155582
  15108.8867076
  15310.5221506
  15398.9766888
  15584.5027693
  15834.6871936
  16037.9800241
  16081.8922174
  16502.0823472
  16723.4535250
  16999.1001236
  17287.1310977
  17593.3146608
  17830.4323203
  17918.5412351
  18285.2329191
  18542.2808981
  18790.4033608
  18905.3031152
  19497.0476090
  19610.3698582
  19981.5734539
  20036.8000684
  20311.8612220
  21164.3206919
  21182.7310195
  21602.4288842
  21631.3409748
  21799.0171510
  22510.8232721
  22795.0764636
  23028.3015315
  23781.3537329
  24204.4344991
  24552.1242095
  24897.1748753
  25149.3910182
  26156.7751704
  27660.6650961
  28049.4424445
  29382.4037467
  29685.2337793
  31560.6518577
  33034.5407018
  35689.2634726
  37086.5727202
  39619.0503543
  40823.6041572
  42712.6361957
  44529.5250881
  47263.0855871
  48756.2645226
  50494.0199787
  62493.8216277
  69231.4459866
  84775.9870051
  91675.4787636
 127722.2757987
 132653.6238462
 159046.2085706
 160540.2671469
 161111.5116872
 238538.4333169
 334877.2472798
 477235.3070570
 656633.3809801
 674056.3851878
7652794.9762098
75752807.3795301
781637707.7570784
16565255716.9644699
384937734389.9805298
